Chess table
4
64
111
50 50 20 1 5
100 50 20 0 5
150 50 20 0 5
200 50 20 0 5
250 50 20 0 5
300 50 20 0 5
350 50 20 0 5
400 50 20 4 5
50 100 20 0 5
100 100 20 0 5
150 100 20 0 5
200 100 20 0 5
250 100 20 0 5
300 100 20 0 5
350 100 20 0 5
400 100 20 0 5
50 150 20 0 5
100 150 20 0 5
150 150 20 0 5
200 150 20 0 5
250 150 20 0 5
300 150 20 0 5
350 150 20 0 5
400 150 20 0 5
50 200 20 0 5
100 200 20 0 5
150 200 20 0 5
200 200 20 0 5
250 200 20 0 5
300 200 20 0 5
350 200 20 0 5
400 200 20 0 5
50 250 20 0 5
100 250 20 0 5
150 250 20 0 5
200 250 20 0 5
250 250 20 0 5
300 250 20 0 5
350 250 20 0 5
400 250 20 0 5
50 300 20 0 5
100 300 20 0 5
150 300 20 0 5
200 300 20 0 5
250 300 20 0 5
300 300 20 0 5
350 300 20 0 5
400 300 20 0 5
50 350 20 0 5
100 350 20 0 5
150 350 20 0 5
200 350 20 0 5
250 350 20 0 5
300 350 20 0 5
350 350 20 0 5
400 350 20 0 5
50 400 20 3 5
100 400 20 0 5
150 400 20 0 5
200 400 20 0 5
250 400 20 0 5
300 400 20 0 5
350 400 20 0 5
400 400 20 2 5
0 1
1 2
2 3
3 4
4 5
5 6
6 7
8 9
9 10
10 11
11 12
12 13
13 14
14 15
16 17
17 18
18 19
19 20
20 21
21 22
22 23
24 25
25 26
26 27
27 28
28 29
29 30
30 31
32 33
33 34
34 35
35 36
36 37
37 38
38 39
40 41
41 42
42 43
43 44
44 45
45 46
46 47
48 49
49 50
50 51
51 52
52 53
53 54
54 55
56 57
57 58
58 59
59 60
60 61
61 62
62 63
0 8
1 9
2 10
3 11
4 12
5 13
6 14
7 15
8 16
9 17
10 18
11 19
12 20
13 21
14 22
15 23
16 24
17 25
18 26
19 27
20 28
21 29
22 30
23 31
24 32
25 33
26 34
27 35
28 36
29 37
30 38
31 39
32 40
33 41
34 42
35 43
36 44
37 45
38 46
39 47
40 48
41 49
42 50
43 51
44 52
45 53
46 54
47 55
48 56
49 57
50 58
51 59
52 60
53 61
54 62
55 63